6 7 56 41 
6 8 9 10 44 11 48 49 12 45 13 14 46 1 39 2 39 4 41 
56 44 45 40 
42 
6 8 9 56 44 45 13 14 46 1 39 2 39 4 41 
1 39 2 39 3 57 50 18 1 39 2 39 3 44 18 1 39 2 39 5 44 15 39 19 45 45 40 
21 58 50 20 39 22 44 57 39 23 44 45 45 46 59 40 
59 50 58 40 
1 39 37 39 33 51 34 56 60 50 18 1 39 37 39 33 51 34 56 44 45 40 
34 56 50 61 40 
32 44 58 56 61 45 
41 
15 39 16 39 17 44 47 62 43 47 45 40 
34 63 50 34 39 35 44 57 39 23 44 45 45 40 
60 39 38 44 63 45 40 
58 50 58 54 64 40 
42 
32 44 59 56 61 45 
41 
56 50 56 52 60 39 36 44 59 54 64 45 40 
59 50 59 54 64 40 
42 
15 39 16 39 26 44 47 65 50 47 52 56 45 40 
42 
42 
